seed=42 mode=SEQ_A_TRANSPOSED n=100

27.50 25.45 26.98 23.77 25.87 23.51 26.41 24.73 25.10 26.92 26.17 27.15 27.96 24.70 25.85 26.67 24.95 25.94 25.26 27.90 24.82 29.10 23.14 28.24 24.48 29.42 30.26 26.57 25.12 25.87 26.91 26.30 27.17 25.73 25.13 28.57 26.72 25.70 25.06 25.97 23.82 22.71 25.21 26.37 25.54 25.73 26.52 22.46 25.08 27.97 26.05 24.09 29.13 25.51 25.92 25.48 23.30 26.71 24.95 25.03 23.71 25.99 25.21 25.88 25.96 28.15 27.35 28.43 22.41 27.30 25.83 29.24 26.20 27.23 25.31 25.45 24.59 26.54 24.69 27.30 25.09 27.67 26.05 25.83 27.99 28.21 24.87 27.93 26.41 28.96 25.79 25.13 27.28 26.67 26.75 27.64 26.80 26.13 26.55 25.96 
29.60 27.71 29.27 26.59 28.93 25.58 29.22 27.58 27.02 29.73 28.36 28.52 29.41 27.19 26.77 28.56 26.33 26.71 30.03 30.92 27.63 30.85 24.76 32.03 27.14 32.43 29.58 28.76 29.08 29.57 28.41 28.51 29.32 28.02 26.21 27.94 28.22 27.62 26.51 29.75 24.51 26.42 28.17 28.35 29.46 28.18 28.71 24.64 28.70 29.82 28.40 27.18 31.26 27.43 28.52 28.52 23.01 30.02 26.73 25.42 25.05 26.73 25.98 27.07 26.72 28.19 29.24 30.66 24.81 30.50 29.29 30.54 26.59 28.96 27.10 27.86 25.18 29.11 27.54 29.64 28.23 30.66 28.14 26.70 29.65 28.47 26.61 29.66 27.00 30.24 27.45 27.93 28.76 27.66 30.53 30.23 29.55 28.50 30.59 27.78 
26.80 25.70 26.54 22.23 25.11 24.12 26.98 25.43 24.62 26.61 26.84 26.21 26.82 26.14 25.76 25.64 25.71 25.53 26.80 28.03 25.52 30.06 22.47 28.98 25.84 27.76 29.98 26.27 25.31 25.35 26.57 25.44 26.87 25.38 24.97 26.28 25.78 26.34 26.14 26.02 23.79 25.81 25.06 24.68 27.44 26.08 24.43 23.00 24.23 26.21 26.01 23.53 28.51 25.20 26.03 28.02 21.05 27.36 23.98 24.54 23.78 27.17 24.59 26.95 23.34 26.58 27.83 28.46 21.42 28.67 26.83 30.47 25.50 26.14 25.08 24.90 22.19 26.15 24.22 26.12 26.71 27.75 24.83 24.15 26.42 27.82 25.36 27.33 25.35 28.11 23.75 25.46 27.89 26.66 26.79 27.49 27.06 27.13 26.77 25.30 
26.38 23.70 26.08 22.44 24.33 22.23 24.32 22.73 22.41 27.58 25.69 24.08 25.23 22.23 22.94 24.90 23.58 25.74 25.48 24.98 22.58 27.98 21.50 27.21 22.45 25.93 26.53 24.22 24.66 24.67 25.27 24.23 24.81 25.24 23.04 25.85 23.91 23.21 23.63 25.71 20.86 21.76 24.15 24.24 24.70 23.55 24.49 21.73 25.36 24.81 23.72 23.26 27.25 23.74 24.93 24.69 21.81 25.93 25.34 23.15 22.57 23.80 23.55 23.90 23.65 25.28 24.92 26.46 20.96 25.42 24.94 26.98 22.31 24.92 21.99 24.50 23.44 25.80 22.44 25.58 24.88 28.76 23.88 23.04 25.53 24.77 23.17 27.05 23.12 27.02 23.56 24.89 24.22 23.59 25.91 26.25 25.89 25.10 24.84 23.58 
27.36 27.54 28.94 25.68 27.48 24.73 27.35 24.27 24.87 27.42 28.05 26.22 27.78 24.19 24.85 26.17 25.81 26.60 25.59 27.85 25.08 29.95 24.90 30.11 25.11 29.31 27.19 27.59 27.53 25.74 27.29 26.91 27.37 24.59 25.63 25.85 27.48 28.78 27.26 28.70 22.62 24.13 26.72 24.99 25.55 25.03 24.48 22.07 26.91 27.83 25.42 24.61 29.81 24.11 24.80 27.73 22.13 27.61 24.84 24.02 23.47 26.08 24.04 25.70 24.03 25.76 26.37 27.43 23.69 28.44 26.40 28.92 24.75 26.34 25.29 24.43 22.96 27.01 26.54 26.44 26.95 28.27 25.28 26.52 26.76 26.93 24.31 28.29 26.04 28.11 24.06 26.08 26.97 25.64 30.04 26.71 28.29 26.98 27.86 26.69 
29.05 28.22 29.87 24.77 27.26 25.95 30.03 26.51 26.90 28.67 29.63 29.05 29.39 25.65 28.38 27.39 27.95 28.30 28.70 29.83 26.24 30.90 23.00 31.66 27.17 31.58 33.08 29.69 28.38 27.99 28.12 27.78 29.99 28.55 25.87 29.73 28.22 27.83 27.02 27.06 25.16 26.06 26.86 26.72 28.86 28.65 27.12 23.81 27.36 28.60 27.25 25.79 29.65 27.93 29.37 29.65 23.96 28.24 26.53 25.64 26.58 27.88 25.95 27.52 26.67 29.63 30.52 31.12 25.78 29.81 28.55 32.08 27.81 29.85 26.37 27.88 25.20 28.29 26.19 28.17 26.70 30.39 27.00 26.03 28.60 30.15 27.61 30.50 29.25 29.73 27.59 28.17 28.81 28.28 29.88 29.33 29.67 27.52 28.20 27.45 
27.83 24.51 25.14 21.60 24.75 23.75 26.41 22.87 22.56 25.43 28.28 26.18 26.89 25.26 24.40 25.79 25.41 26.16 26.03 26.00 23.56 27.65 21.02 27.07 23.23 27.37 28.87 25.97 25.94 23.77 25.18 23.78 26.11 24.23 24.43 26.20 23.31 24.85 24.49 25.33 21.59 23.24 23.53 24.90 26.21 25.58 24.83 21.97 24.72 25.85 26.51 24.47 26.98 25.24 26.58 25.70 22.12 26.85 23.13 23.84 23.86 26.14 22.66 25.69 23.74 25.61 27.53 27.66 23.50 26.14 24.93 28.75 24.99 25.73 24.89 23.64 21.99 26.65 22.77 25.45 25.10 27.72 25.31 24.12 26.31 27.05 23.60 27.01 24.72 27.30 24.58 24.32 26.38 25.57 27.02 26.26 25.18 25.70 26.30 24.50 
29.89 26.30 28.54 25.26 26.00 24.78 27.76 25.07 24.86 25.97 28.07 27.58 30.12 27.26 25.64 28.11 26.95 27.47 26.12 29.14 26.25 29.30 24.48 30.63 25.63 29.51 30.24 27.93 28.27 25.54 29.22 26.66 28.59 25.76 26.84 29.39 27.25 26.69 26.75 29.37 23.48 23.71 26.99 27.87 28.09 26.27 27.39 24.84 26.70 29.07 26.42 25.08 29.86 26.64 28.22 25.82 23.32 28.63 24.99 25.37 24.67 27.42 26.54 28.03 26.10 28.76 29.73 29.99 22.80 27.26 26.71 29.97 26.20 27.37 26.08 26.66 25.06 27.52 26.17 26.74 27.99 29.96 27.33 25.85 28.86 28.94 25.57 28.79 26.54 30.23 25.97 26.59 27.79 26.97 29.39 28.21 29.37 27.19 28.07 25.69 
27.67 26.53 27.57 24.54 27.68 24.42 27.29 23.00 26.15 27.25 27.81 26.17 26.62 25.08 24.88 27.35 25.41 25.93 26.21 28.84 25.84 29.57 25.11 29.24 25.81 30.22 30.41 27.70 26.89 26.66 26.75 26.81 28.01 27.38 24.61 28.03 26.01 27.00 27.01 26.89 24.33 25.06 26.16 26.44 28.00 25.10 24.44 24.58 27.97 27.57 26.03 25.33 28.67 25.40 27.10 26.17 23.40 28.30 24.97 24.25 24.65 27.76 25.73 26.11 25.29 26.50 27.44 27.10 24.16 27.31 26.67 29.70 25.07 24.65 24.54 26.70 22.36 26.74 24.99 29.20 26.79 30.55 25.82 26.17 27.22 29.07 26.82 29.99 25.92 27.94 25.41 27.14 27.44 28.49 28.48 29.18 28.58 26.91 27.18 26.60 
26.30 25.58 25.88 22.52 23.23 21.39 24.01 23.48 22.90 25.21 24.81 25.25 24.48 24.88 24.27 24.41 22.37 23.28 23.60 27.43 23.30 28.33 21.17 26.58 21.79 27.18 26.54 25.42 23.61 23.79 23.63 24.17 24.57 23.60 23.30 25.90 24.48 24.24 22.98 25.57 22.15 23.49 24.10 24.37 24.06 24.95 24.00 20.52 25.25 25.59 24.26 22.90 24.37 22.57 24.39 24.20 20.40 24.18 22.37 22.94 22.84 24.65 22.68 25.18 22.82 23.73 25.04 25.61 19.20 25.98 25.40 26.44 21.81 25.82 21.73 26.07 21.13 23.80 22.60 25.45 24.46 28.28 23.60 22.81 25.45 27.52 22.21 26.25 23.30 24.86 23.98 24.08 25.39 23.48 25.53 24.56 24.93 26.28 25.22 24.00 
26.34 25.24 24.65 22.15 24.88 23.37 27.10 21.02 23.95 25.58 26.77 25.34 26.47 23.81 23.86 26.08 24.99 26.00 26.04 27.39 24.65 27.17 21.84 27.65 24.13 27.05 28.07 26.08 24.51 23.71 24.89 24.33 25.77 25.90 23.04 26.65 23.93 25.54 24.06 26.36 20.06 23.23 23.57 24.54 25.46 24.02 23.54 23.00 25.35 25.03 24.31 23.99 25.46 24.15 23.97 25.65 21.19 25.92 23.53 22.82 22.85 25.76 23.42 27.33 21.94 25.82 26.79 26.71 21.31 27.85 24.79 27.94 24.35 24.78 22.31 24.17 22.10 25.49 23.75 23.85 25.64 28.65 23.75 22.77 26.79 27.12 24.24 27.58 24.42 25.50 23.46 24.49 24.50 24.35 26.23 26.30 26.07 25.79 25.56 24.01 
26.53 24.78 27.04 23.09 25.12 23.17 26.09 22.86 23.31 24.74 24.18 25.42 27.79 23.99 21.94 25.48 23.90 24.92 23.94 27.56 24.11 27.51 22.27 28.56 23.01 27.69 26.75 25.92 24.88 24.04 25.56 24.38 26.12 24.09 24.59 26.98 24.30 24.20 25.17 25.26 22.61 25.13 23.40 22.77 25.59 23.26 23.55 22.54 26.37 26.22 25.06 23.12 27.13 25.34 24.41 24.94 19.93 25.94 24.41 22.29 21.47 25.43 23.72 24.99 22.72 26.22 25.18 26.78 21.66 25.76 24.81 26.62 24.26 26.12 23.17 25.13 21.78 25.26 22.83 26.54 25.56 28.19 23.38 24.41 26.15 25.48 23.31 27.78 23.89 26.81 24.61 25.03 25.19 25.52 25.78 26.48 25.20 25.78 26.33 25.36 
23.60 23.77 24.89 20.64 23.23 22.87 25.04 22.18 22.95 23.29 25.41 22.71 24.20 22.10 21.18 23.82 22.57 23.64 23.70 24.84 22.53 26.57 21.26 24.38 21.28 25.35 25.24 24.71 22.34 22.30 23.78 23.36 24.29 23.20 22.61 23.66 22.51 23.22 22.14 24.23 20.41 22.26 22.16 20.58 22.88 21.19 23.35 21.62 23.19 24.35 21.42 21.90 24.39 22.94 22.56 25.11 19.04 23.80 23.04 20.92 21.34 22.80 22.11 23.10 21.28 23.64 24.92 24.53 19.40 26.43 23.33 26.13 21.73 24.50 22.47 22.91 19.96 24.98 23.76 24.09 24.51 25.02 23.91 23.23 25.01 26.51 22.55 23.93 23.66 24.53 21.96 22.86 23.73 24.26 24.93 24.43 22.77 23.56 23.39 22.62 
23.86 24.12 26.87 21.94 23.40 22.28 24.00 21.99 23.44 24.38 24.98 23.44 25.95 22.97 22.84 24.46 23.73 24.02 24.74 26.17 23.21 27.19 21.40 26.51 23.14 25.73 26.34 23.56 24.52 24.01 25.45 25.42 25.50 25.13 20.22 25.19 23.23 23.46 22.63 25.17 21.48 23.18 22.99 24.46 24.29 21.76 23.62 22.78 25.43 25.70 23.49 22.53 26.20 24.84 23.75 24.98 20.35 24.20 22.46 21.01 21.07 22.87 23.92 24.03 21.61 23.44 26.54 26.05 20.36 25.06 22.59 25.39 23.85 25.74 21.79 23.17 23.67 25.27 23.22 24.60 21.97 26.14 23.25 22.65 25.55 25.15 21.71 26.03 23.59 26.25 21.81 24.26 23.69 23.44 24.96 24.30 24.33 24.91 25.52 22.58 
27.00 26.95 27.79 24.76 26.79 24.43 26.33 25.44 25.18 28.54 27.96 26.48 28.86 24.31 26.91 26.79 27.20 26.34 27.30 28.92 26.73 30.95 24.48 29.34 24.90 29.52 29.90 26.87 27.17 26.14 28.44 26.69 28.09 27.96 25.89 27.20 26.70 26.81 26.52 27.29 25.16 25.55 26.59 25.57 26.96 25.59 25.80 23.56 26.59 27.84 27.06 24.28 29.80 25.75 27.30 27.42 23.10 27.11 26.21 24.74 24.16 26.91 26.79 25.65 25.67 27.05 27.34 28.21 22.83 27.87 27.27 30.80 24.97 27.74 24.79 25.69 24.91 26.67 28.16 27.71 25.75 29.55 26.13 26.25 27.24 28.60 24.52 29.19 26.05 30.13 25.73 26.73 27.65 26.18 28.56 28.38 28.56 26.75 28.08 25.78 
27.67 23.58 26.19 22.75 23.88 22.27 25.30 24.57 24.63 24.38 25.52 24.16 25.70 22.77 23.99 24.52 24.04 25.20 24.80 26.10 25.00 26.93 21.87 27.58 24.39 27.97 27.25 25.58 26.78 25.37 25.15 25.23 24.86 23.46 22.39 25.71 24.17 23.90 24.55 24.94 23.34 23.22 24.67 24.40 25.14 24.36 24.25 21.69 26.33 26.14 23.51 22.53 27.55 24.45 25.14 25.11 20.45 24.08 24.49 24.60 21.82 25.13 24.28 23.96 24.52 25.69 25.68 26.96 21.83 25.73 24.69 27.47 23.04 24.85 23.35 25.53 24.14 27.17 24.78 25.54 26.17 26.41 24.74 22.86 26.01 26.07 24.65 26.74 24.57 27.01 23.50 23.22 25.01 24.65 26.60 26.54 27.25 25.71 25.64 24.88 
26.67 26.16 28.64 24.34 25.00 24.38 26.65 24.34 24.18 26.18 26.55 26.34 27.41 23.67 24.46 25.05 24.82 25.11 26.00 27.03 23.97 28.11 21.98 29.11 24.79 28.94 28.13 27.02 26.51 24.72 26.27 26.65 26.01 25.21 24.66 26.26 26.14 26.36 24.24 26.28 21.94 23.82 24.98 25.25 26.70 25.02 24.73 23.23 25.20 28.10 25.25 23.75 28.67 24.87 24.37 25.47 21.83 26.47 24.74 23.82 23.87 24.47 24.53 25.77 24.46 27.54 27.39 28.17 23.07 26.49 25.97 29.57 24.01 27.23 23.70 25.57 23.65 27.51 23.88 26.58 24.73 28.00 23.64 24.91 25.44 26.01 23.99 27.87 24.79 27.25 25.11 25.14 26.94 26.33 27.54 26.74 25.55 25.13 26.69 25.18 
27.41 27.76 28.51 25.00 27.16 25.53 28.73 25.97 26.40 27.43 27.80 27.11 28.33 24.51 26.45 28.67 27.54 27.98 26.53 28.52 26.09 30.22 24.73 28.53 25.79 28.10 28.95 28.44 28.18 26.86 28.56 27.22 27.77 26.50 26.42 28.05 26.92 27.20 26.36 26.93 24.35 24.33 26.54 27.45 27.42 26.90 26.20 23.64 26.75 27.82 27.14 24.49 29.19 25.47 27.19 27.57 22.39 25.94 25.91 25.94 22.02 26.30 25.08 26.81 24.52 27.59 28.18 27.73 24.54 28.71 26.13 30.82 25.02 27.67 25.37 26.61 24.68 29.07 26.30 27.87 26.49 28.64 25.48 26.34 27.48 27.54 24.00 29.00 27.82 29.32 25.03 27.39 27.63 26.34 28.72 27.23 28.30 27.61 26.73 26.71 
27.19 25.78 27.19 23.02 25.92 24.22 27.03 25.27 24.97 27.50 28.18 25.38 27.39 24.04 25.63 26.86 25.52 25.62 25.98 27.17 25.34 29.90 24.63 28.86 26.37 28.27 28.65 28.40 26.04 25.71 27.88 25.46 26.78 25.07 24.79 27.63 24.40 26.47 24.47 28.39 22.64 24.70 25.45 25.77 27.60 25.75 27.54 23.06 27.03 26.88 25.20 23.11 27.17 25.63 27.11 27.10 21.96 27.20 25.95 24.60 24.65 28.16 24.75 24.18 23.19 25.54 28.77 28.82 22.74 27.91 25.45 29.83 23.80 27.41 24.47 25.51 23.33 27.95 26.70 25.22 26.04 28.29 25.70 24.48 27.21 25.45 23.69 28.98 24.27 28.47 22.42 25.85 26.32 25.80 29.10 27.12 27.62 26.96 28.77 25.40 
23.78 23.30 23.74 23.33 23.83 21.18 24.08 22.22 22.01 23.97 23.70 25.73 24.74 22.67 23.05 23.16 23.73 22.33 23.15 24.69 22.85 26.90 21.05 25.34 21.63 25.98 26.74 25.55 24.83 23.86 23.92 22.81 24.95 22.52 24.16 24.36 23.92 24.34 23.25 24.13 21.44 21.96 23.06 21.74 23.25 22.39 22.81 19.23 23.54 25.67 24.17 23.08 26.41 21.95 24.23 24.08 21.31 24.20 23.14 22.73 21.54 23.67 22.62 22.91 23.00 25.14 24.99 25.53 20.45 25.88 23.91 25.75 22.85 24.18 23.32 21.35 20.74 23.93 23.54 22.66 23.53 24.37 22.94 22.94 24.56 25.09 23.49 24.33 22.76 25.86 22.96 23.80 24.30 25.03 25.91 25.16 25.79 24.19 23.59 23.18 
24.22 23.18 24.28 21.24 23.61 22.19 24.87 21.54 21.20 22.98 23.14 23.98 25.72 22.02 20.95 23.08 21.48 22.77 22.76 25.72 21.42 24.74 20.72 25.86 21.70 25.37 25.33 23.70 23.24 23.35 23.48 23.68 24.54 21.49 21.69 24.80 23.55 22.96 22.86 23.91 20.54 21.59 23.00 22.26 22.35 21.97 23.05 20.23 22.42 23.65 23.15 21.85 24.85 22.04 24.46 22.71 19.78 24.50 22.90 22.45 20.71 22.38 22.03 24.42 21.30 24.28 23.39 25.10 21.00 24.96 23.84 25.55 23.38 23.12 21.71 21.70 21.18 23.85 22.83 21.63 25.17 22.94 22.59 22.14 23.87 24.65 21.63 24.92 21.88 24.97 21.80 22.79 21.96 23.38 25.34 24.76 23.85 22.92 23.62 22.16 
27.05 25.57 28.29 22.29 24.48 23.46 26.82 24.19 23.90 24.67 25.51 25.99 28.04 24.45 24.99 24.56 25.58 26.36 26.44 26.57 24.84 28.00 24.63 29.01 24.62 27.84 28.51 24.95 26.36 26.73 25.75 25.83 26.38 24.79 23.36 25.18 24.60 24.90 27.15 25.36 23.18 24.41 25.32 23.77 26.40 24.71 24.52 21.66 24.98 27.19 24.09 22.64 28.44 24.24 24.88 26.47 21.38 25.18 23.50 24.02 21.46 24.75 22.66 26.43 23.86 26.29 25.56 26.57 21.31 26.87 26.82 27.45 23.04 26.35 24.70 24.38 22.59 25.98 24.57 26.03 26.74 26.47 24.61 24.90 24.38 26.24 23.24 27.07 25.22 27.67 23.74 26.37 25.50 25.18 26.92 26.81 26.94 26.73 27.40 25.60 
27.63 25.78 28.94 26.29 27.53 25.44 28.14 26.02 24.24 25.95 28.85 28.83 28.56 25.07 26.37 27.88 26.05 27.12 28.28 28.81 26.17 29.50 24.02 30.07 25.39 30.99 30.73 28.36 28.67 27.28 27.76 26.18 27.28 27.08 25.32 27.99 25.60 25.65 27.39 27.35 24.92 24.85 27.20 26.13 26.55 27.85 26.58 23.97 27.77 28.96 27.00 26.02 30.78 24.59 27.15 27.55 23.14 27.20 26.17 26.07 24.05 25.92 24.50 25.10 25.01 27.27 28.48 29.52 23.15 28.86 28.52 30.83 25.82 28.23 26.21 25.48 23.89 28.26 26.49 27.53 27.49 30.30 25.97 25.92 29.77 28.38 25.76 30.53 27.38 28.72 27.98 26.20 27.94 28.97 28.79 29.98 29.80 27.41 28.55 27.56 
26.60 26.98 29.07 24.99 27.48 24.38 28.81 25.04 26.82 26.94 30.10 29.17 30.06 25.75 26.19 28.40 28.24 26.49 28.44 30.61 26.86 30.76 24.78 30.51 25.84 31.63 31.15 29.87 27.32 27.88 28.18 28.23 30.76 26.50 27.28 29.82 27.28 27.08 27.47 28.61 24.83 24.39 27.52 27.15 27.45 27.20 27.11 24.18 27.42 28.95 27.28 26.37 28.72 24.03 28.10 29.17 23.63 29.59 26.41 24.82 27.65 27.67 25.19 26.95 25.75 29.15 29.76 30.73 22.37 29.19 28.43 32.53 26.85 29.26 26.75 27.90 24.02 27.17 25.81 28.85 26.79 31.79 25.82 26.17 28.57 28.92 26.48 29.38 26.33 29.61 27.10 25.77 28.89 28.09 29.55 28.82 29.05 28.69 28.89 27.06 
25.35 25.15 27.54 22.02 24.28 23.55 28.21 24.33 24.04 25.16 26.27 23.62 25.88 23.52 23.51 25.30 25.23 25.06 26.16 25.98 25.06 27.90 22.93 27.12 25.20 27.66 27.69 26.34 25.44 25.58 25.62 26.18 25.20 25.89 22.54 26.86 25.09 24.25 25.22 26.07 22.97 23.30 23.29 24.22 24.90 23.07 24.56 22.41 24.98 25.25 23.51 22.87 26.62 25.04 24.56 26.33 20.85 26.21 24.37 22.97 22.24 25.04 24.55 24.54 23.34 26.02 25.25 27.44 22.24 28.46 23.68 27.30 24.31 26.69 23.17 24.80 23.04 26.00 23.05 25.86 25.97 28.86 23.93 23.43 25.47 27.12 24.02 28.23 24.83 27.77 23.24 25.14 26.10 25.95 25.74 26.90 26.14 25.47 25.22 23.11 
28.65 28.19 28.12 25.24 28.44 25.49 29.90 25.52 26.86 28.77 27.76 29.58 29.71 25.00 28.57 30.20 28.10 27.49 27.84 29.27 25.62 32.44 25.90 32.28 27.27 30.80 30.65 30.04 27.94 28.04 28.92 28.74 30.30 28.54 26.43 28.91 26.74 30.31 26.96 28.45 23.89 25.99 27.54 27.77 30.66 28.25 26.68 25.25 28.72 28.86 28.13 26.80 30.95 28.05 29.96 29.26 23.77 29.38 26.35 25.94 24.51 29.05 27.27 26.66 25.67 29.13 30.61 31.55 24.27 31.27 29.52 31.82 26.22 29.23 27.54 26.89 26.46 28.97 27.17 29.04 27.43 32.03 26.76 26.92 29.87 28.37 27.32 29.50 26.63 29.25 25.60 28.02 29.66 27.99 29.72 29.87 30.13 28.54 28.83 28.67 
26.00 24.89 27.68 24.19 26.28 24.36 25.91 23.48 25.37 26.92 27.02 26.55 28.28 24.83 26.18 26.42 25.48 24.94 26.37 26.41 25.49 30.45 23.17 29.65 26.70 28.20 29.19 24.87 25.64 23.93 25.40 25.78 27.84 25.76 23.32 25.01 24.55 24.23 25.90 28.00 23.19 22.37 26.34 25.16 27.78 25.49 25.43 23.91 26.26 26.78 24.79 25.17 29.06 23.93 25.94 26.49 22.04 26.07 26.26 24.06 23.17 25.28 23.46 24.64 24.27 26.20 27.72 26.39 20.81 26.80 24.42 29.53 24.92 25.15 25.13 24.38 22.73 26.07 23.64 24.10 26.83 27.14 22.88 25.23 26.56 27.20 24.44 27.10 25.41 26.34 24.89 24.12 26.82 26.81 26.97 27.04 26.25 26.06 25.95 24.68 
26.16 25.13 26.28 23.69 24.34 21.62 27.14 24.04 25.17 26.42 25.79 27.31 27.36 24.32 24.10 27.12 25.73 25.61 26.08 26.52 24.98 27.65 23.48 27.58 25.70 29.93 27.83 27.62 25.35 25.33 26.34 24.54 27.09 24.05 24.70 27.50 27.49 27.54 25.15 26.85 22.80 22.75 26.25 26.42 25.52 27.42 24.69 22.29 26.42 26.62 24.60 23.28 27.67 23.71 24.28 25.79 21.79 25.69 23.97 24.43 23.98 25.18 25.98 25.49 24.39 26.93 26.97 29.63 22.04 28.62 25.39 29.55 25.27 27.35 21.93 27.00 22.80 27.22 23.75 25.97 24.88 28.30 24.45 25.38 27.07 26.99 23.17 27.85 26.83 28.17 25.09 25.72 26.39 25.09 27.86 27.05 27.64 26.14 26.41 25.89 
25.45 24.42 25.36 22.34 24.30 21.94 24.27 24.34 24.21 24.46 24.95 24.40 24.65 23.57 22.96 23.32 23.30 23.35 23.51 25.81 22.40 27.47 21.00 28.34 23.82 27.25 27.36 23.61 25.51 24.22 24.86 24.91 25.40 24.08 22.59 25.94 23.94 24.53 23.67 25.94 22.78 21.15 22.97 24.48 23.71 24.09 24.85 22.73 23.21 25.80 24.38 23.91 26.90 23.89 23.16 24.23 21.89 24.30 22.29 22.53 22.05 22.94 22.80 23.65 21.77 25.75 25.00 26.12 19.33 25.37 25.20 27.16 23.00 24.58 22.70 23.71 22.68 23.67 22.89 24.15 23.64 25.59 23.03 23.97 26.29 23.79 21.85 25.04 23.20 26.93 21.60 24.05 26.08 24.58 24.78 23.31 26.58 24.22 26.18 23.16 
24.90 23.41 25.65 21.54 23.81 21.26 26.05 23.99 23.00 24.17 24.62 23.42 25.76 23.33 22.52 25.50 23.04 23.78 23.55 23.15 23.01 27.18 21.12 26.47 22.41 26.89 25.09 25.00 24.89 24.17 24.10 24.96 24.95 24.27 23.39 25.09 22.93 23.42 23.11 24.67 21.35 20.92 22.66 23.02 24.67 21.82 23.72 21.11 25.45 26.10 22.98 22.60 26.31 23.97 23.02 24.30 19.94 24.39 22.27 22.33 22.26 23.63 22.84 22.89 22.32 23.72 25.18 26.58 20.04 25.06 23.38 26.54 21.43 25.63 22.55 22.53 21.94 23.96 22.53 24.45 24.83 26.09 22.79 22.66 24.35 23.79 21.04 25.14 22.43 24.08 23.20 23.97 25.99 23.79 24.55 24.66 24.34 25.43 25.03 23.64 
27.46 25.34 27.32 24.33 26.01 23.68 26.61 25.57 26.21 25.17 26.14 25.81 27.18 26.61 24.82 27.22 25.90 26.03 26.70 26.35 26.07 29.14 22.65 28.67 26.15 28.39 28.17 25.98 27.13 27.76 26.58 28.09 27.40 26.91 24.71 27.42 25.30 25.59 25.43 26.03 23.77 22.79 25.73 26.31 27.58 26.95 25.90 23.47 27.55 28.19 25.94 23.94 28.69 24.97 26.48 26.99 21.32 26.57 23.31 24.92 23.42 26.07 25.38 25.30 25.38 25.53 27.46 27.67 22.20 27.63 27.42 27.87 24.28 27.07 24.48 24.96 22.91 28.02 23.96 27.74 25.70 28.42 24.76 24.74 28.66 26.63 23.37 28.69 26.46 28.13 26.18 26.04 27.04 26.20 27.35 28.53 27.60 27.54 27.27 26.86 
26.96 26.71 27.07 23.05 25.63 23.02 27.12 24.51 23.36 27.28 25.95 25.59 27.36 25.65 26.27 27.15 24.17 25.33 25.64 28.44 22.82 28.97 22.02 27.20 23.67 27.87 28.58 27.57 24.75 24.70 27.26 25.13 26.14 24.36 25.12 27.76 25.40 25.36 25.01 27.70 22.53 23.82 24.08 25.41 25.71 24.83 25.94 22.76 26.38 26.81 26.49 24.56 27.14 24.73 26.95 24.81 22.35 26.61 25.41 23.66 24.21 25.87 22.83 26.89 24.84 26.33 26.67 25.64 21.80 25.43 25.66 27.52 25.18 25.74 24.02 24.81 22.71 26.98 23.85 25.92 25.45 29.39 26.33 25.35 27.08 27.11 24.34 26.79 24.17 26.34 24.99 26.08 26.40 26.31 27.76 26.70 25.96 25.99 27.33 23.95 
24.13 24.86 26.46 21.87 25.21 23.51 26.02 22.91 23.96 24.81 25.71 24.93 26.38 21.73 22.97 25.78 23.24 24.24 25.13 25.08 23.12 26.31 22.59 27.01 23.78 27.21 26.56 25.23 24.67 24.81 26.30 24.04 25.35 24.49 21.53 23.72 25.36 23.40 24.78 24.91 22.27 23.43 23.51 23.67 24.79 23.20 24.95 20.91 24.16 25.07 23.12 23.40 27.89 22.63 23.86 23.83 21.16 25.10 23.58 22.92 21.41 23.85 22.56 24.28 23.59 24.27 26.21 25.85 21.25 27.87 25.46 28.32 22.33 24.26 22.16 24.31 22.36 26.34 24.88 23.98 24.19 27.05 24.53 23.81 24.80 25.47 23.55 27.27 23.85 27.36 23.74 25.64 25.12 24.80 26.18 26.61 25.80 25.05 25.60 23.38 
28.15 29.38 29.52 25.68 28.13 25.42 29.78 25.79 27.64 27.89 27.52 27.49 30.27 25.50 26.05 27.60 27.43 27.64 27.70 30.62 26.85 31.27 26.11 31.57 26.54 30.93 31.11 28.17 28.18 27.95 28.44 30.04 28.70 27.96 25.66 27.65 28.29 27.85 28.80 27.74 27.62 25.70 26.49 26.22 28.20 27.02 27.08 23.99 28.49 28.23 27.25 25.18 30.51 26.84 28.96 28.18 24.12 28.37 26.16 25.89 23.30 27.09 24.97 27.80 25.17 28.87 30.61 28.26 23.57 29.55 27.88 30.60 26.55 29.33 26.89 27.87 24.50 28.66 26.93 28.06 27.92 30.12 27.86 27.55 28.96 29.99 26.79 31.61 27.84 30.44 27.21 28.21 28.79 28.30 27.91 29.32 28.69 27.85 30.31 27.87 
25.17 24.44 26.64 23.54 23.92 22.27 27.95 24.01 24.11 24.89 25.84 25.60 28.12 24.96 23.75 25.72 25.64 25.42 24.68 27.15 24.96 27.61 22.87 28.21 24.31 29.59 27.96 26.55 25.33 25.75 27.07 26.13 25.66 24.21 24.10 26.82 26.78 26.88 24.28 27.01 22.22 23.18 25.51 25.47 25.85 25.28 25.65 21.68 25.63 26.49 24.95 24.22 26.57 23.73 25.10 26.20 20.90 26.18 24.01 24.65 23.92 25.06 23.83 25.95 23.42 25.32 27.38 27.40 21.13 28.02 25.73 28.39 23.82 27.53 23.99 26.05 22.18 26.55 24.48 24.87 25.07 27.23 24.59 23.20 26.09 26.17 23.81 28.42 24.98 26.56 24.08 24.19 27.23 25.73 27.70 25.82 27.57 26.61 26.74 25.19 
26.52 24.75 27.67 24.65 24.29 23.20 25.89 23.77 25.43 27.04 27.62 26.56 29.27 23.39 24.74 24.64 25.81 25.94 27.53 26.82 27.59 29.46 21.89 31.53 24.81 30.13 28.99 27.98 27.08 26.58 26.74 27.37 28.00 25.13 24.79 27.61 25.46 25.05 26.58 27.83 23.23 24.00 25.40 26.51 27.44 25.60 26.27 23.10 27.37 27.16 25.84 24.43 28.29 25.58 25.11 27.12 23.07 26.99 26.22 23.90 24.91 24.01 25.51 25.31 24.87 28.72 29.04 29.37 23.05 26.24 26.23 29.68 23.91 27.47 23.09 25.75 23.49 26.17 24.62 28.44 25.77 29.96 25.23 24.30 27.96 26.83 23.93 28.88 25.85 29.15 25.66 26.29 24.83 26.02 26.93 27.08 27.31 27.29 27.29 25.96 
25.96 25.12 26.96 22.80 26.71 24.43 27.65 26.44 23.70 27.11 28.47 26.05 28.54 23.69 25.40 26.85 26.21 25.12 26.95 27.97 24.67 28.62 23.15 28.92 25.96 29.41 30.47 26.31 26.12 27.12 26.48 26.94 27.23 25.65 24.98 28.02 25.12 25.79 25.56 26.85 23.89 23.81 24.41 25.18 25.33 25.28 26.28 21.84 24.89 27.02 26.26 23.17 28.69 25.59 27.01 26.00 22.36 28.45 23.46 24.11 24.47 27.22 25.40 24.25 23.40 27.83 27.78 29.64 23.63 28.12 25.44 29.61 24.32 27.19 25.18 25.61 23.67 25.38 26.71 24.66 25.68 27.22 23.67 23.76 26.50 27.88 24.68 27.81 24.44 28.43 24.56 25.37 29.46 26.51 27.73 27.28 27.44 26.61 27.97 25.96 
29.51 25.53 27.34 23.03 27.26 25.22 29.01 25.57 25.84 25.63 28.47 28.45 28.47 25.91 26.02 28.63 24.81 26.71 26.93 29.14 26.71 29.69 24.16 30.05 25.28 30.08 28.59 28.20 27.62 26.18 26.50 28.45 27.36 26.43 24.94 29.83 25.79 27.38 26.13 26.45 23.52 24.19 26.43 26.70 26.83 26.89 28.41 24.93 26.77 28.50 27.23 25.99 29.32 25.51 26.86 27.27 23.25 27.44 25.62 26.59 25.18 27.79 25.15 28.07 24.63 27.40 27.96 29.66 23.30 29.09 28.05 30.09 26.76 27.92 26.87 26.47 25.29 28.25 26.10 28.03 28.72 30.07 27.59 25.91 27.88 28.69 25.27 28.11 24.90 28.47 25.90 26.27 26.48 26.54 29.10 30.03 28.81 28.20 29.24 25.99 
27.62 25.12 26.39 23.69 26.83 23.71 26.95 24.22 24.63 27.82 27.33 27.36 25.86 23.20 25.44 25.85 26.25 26.31 26.69 26.88 24.66 30.95 24.37 29.20 24.96 28.35 30.70 25.74 25.89 25.41 27.13 26.43 26.61 24.71 24.06 27.29 25.36 24.64 26.16 26.27 23.72 25.05 25.70 22.94 27.25 25.96 25.25 23.35 27.07 28.54 25.96 25.38 29.55 25.81 26.55 27.31 22.35 27.70 26.30 23.77 22.56 26.20 24.09 25.70 25.07 26.51 26.81 27.54 22.73 28.34 27.46 28.07 24.74 27.14 25.69 25.24 23.65 28.50 25.83 26.69 26.88 27.63 24.89 26.28 27.47 27.09 24.33 29.64 26.80 28.31 23.76 27.53 26.84 26.87 30.32 28.33 27.53 26.65 26.51 25.35 
28.66 29.02 31.10 26.67 27.38 25.77 29.64 27.10 26.56 28.01 27.61 27.49 29.97 26.19 26.36 28.73 27.67 28.69 26.54 29.06 27.34 32.20 23.74 32.15 26.96 31.22 32.44 27.32 28.44 28.64 29.36 29.49 28.34 28.05 26.75 31.73 27.93 27.02 27.30 29.36 26.83 25.58 26.67 26.28 27.67 26.04 27.06 25.51 28.14 29.46 28.09 26.03 29.44 25.93 27.69 26.56 25.00 28.47 27.26 26.43 25.84 28.26 27.17 28.66 26.41 28.64 29.19 30.14 22.23 28.70 27.80 31.16 27.77 30.02 25.99 28.03 25.42 28.43 27.77 27.46 28.81 30.63 26.60 26.38 29.04 28.65 25.70 31.02 27.03 30.09 27.54 28.30 30.45 27.82 28.82 28.52 30.03 29.91 30.16 26.23 
25.51 26.51 27.23 24.49 25.21 22.64 26.65 24.67 25.01 25.48 25.97 25.70 25.89 23.48 23.90 26.43 25.55 25.00 25.69 26.78 24.15 28.88 24.60 27.81 24.46 28.26 28.59 26.08 24.83 26.91 26.36 25.31 25.60 25.67 23.29 27.70 25.04 25.20 24.77 26.82 22.82 22.66 24.59 25.11 26.98 24.18 24.00 22.65 25.89 28.19 24.82 22.45 27.91 24.03 26.05 24.70 21.77 26.06 23.49 23.57 23.78 23.89 23.92 26.13 23.40 25.27 25.56 26.75 23.20 26.64 26.80 27.94 23.45 25.98 22.99 24.92 23.14 27.04 25.09 25.96 25.34 27.41 22.92 24.98 25.87 26.23 22.37 28.96 24.74 27.33 25.75 26.20 24.87 25.00 28.59 25.61 27.32 25.79 26.36 24.86 
25.14 25.47 26.21 22.85 25.54 22.63 25.49 24.98 24.52 26.54 25.42 25.04 26.19 24.53 24.29 26.11 24.87 22.99 25.50 26.47 24.67 29.11 23.24 30.37 25.95 27.80 28.99 26.18 24.85 25.48 26.02 24.19 27.07 25.17 24.16 26.16 25.31 25.04 25.57 27.80 24.17 22.51 24.86 24.77 26.72 24.47 25.11 24.33 25.06 27.57 23.58 23.73 27.66 25.44 26.32 26.51 21.37 25.34 24.57 23.58 22.93 25.23 25.30 23.76 23.48 26.75 27.47 26.53 20.03 27.74 25.42 27.99 24.21 25.85 23.78 24.71 20.64 24.98 25.88 25.68 25.90 27.84 24.78 25.01 26.94 25.46 24.16 25.73 25.33 28.23 23.13 26.60 25.63 25.86 26.73 26.97 27.20 26.26 28.04 25.56 
28.73 25.51 27.12 23.69 24.86 23.72 25.40 24.01 24.66 27.33 26.84 25.42 27.28 25.91 24.61 25.38 25.26 24.97 25.84 27.79 25.23 31.18 22.49 29.56 24.78 30.48 29.67 27.24 26.34 27.01 27.07 26.24 27.15 26.51 24.84 28.22 26.05 25.19 26.49 27.75 23.59 25.46 24.55 26.19 27.27 24.39 27.18 23.87 27.74 27.54 25.68 24.04 27.81 27.33 25.78 24.12 22.81 27.26 24.60 24.73 25.38 26.61 26.19 26.28 25.31 27.58 27.39 28.17 23.37 25.72 26.29 28.46 24.89 25.42 25.28 25.02 23.54 25.96 24.50 27.24 25.98 29.30 26.65 26.52 27.96 27.98 24.20 28.07 25.28 28.38 25.51 27.17 26.42 25.62 27.14 27.03 27.67 27.55 28.33 25.23 
26.28 24.49 26.06 22.75 23.96 22.89 24.30 22.95 23.10 25.44 25.70 24.11 25.16 23.11 23.24 25.51 23.23 24.22 24.16 26.55 22.47 25.34 20.83 26.41 23.53 26.95 26.16 25.39 24.93 23.82 25.85 22.88 24.06 23.12 23.41 24.90 24.45 23.64 22.81 25.72 21.51 21.32 23.63 25.81 25.78 23.42 25.33 21.89 24.23 24.77 23.29 20.70 25.78 23.84 25.09 23.57 21.60 25.13 23.64 22.55 21.88 22.80 22.89 23.31 22.05 25.40 25.84 25.28 21.63 24.69 23.89 27.65 23.11 24.10 22.33 24.27 21.92 25.08 23.27 23.95 22.94 26.99 24.62 23.21 25.30 23.63 22.55 25.52 24.02 28.35 22.17 22.76 23.53 23.96 25.52 26.23 26.64 23.87 25.07 22.71 
27.35 26.15 25.36 23.29 25.37 22.07 25.43 25.41 23.17 24.60 25.75 25.66 28.02 21.73 25.47 25.24 23.42 23.05 25.81 26.06 24.33 28.86 23.43 29.70 25.38 29.18 29.24 27.24 24.98 25.45 25.51 25.37 28.00 23.95 23.07 26.29 24.61 28.11 26.64 26.79 22.31 23.83 24.81 25.04 24.48 24.89 24.89 22.60 25.21 27.69 24.27 23.80 28.98 25.67 25.13 26.08 22.21 24.51 24.97 24.21 23.42 25.10 23.22 24.99 26.16 27.72 26.33 28.08 22.28 28.33 26.04 28.77 24.91 25.10 24.42 25.22 23.46 25.96 26.00 26.11 26.03 28.27 25.32 25.14 25.91 26.55 24.38 26.72 25.80 27.58 25.34 25.21 26.16 25.10 27.18 28.74 26.92 26.15 29.93 25.36 
26.57 26.92 26.98 24.47 26.17 22.89 26.65 23.66 23.81 25.66 23.54 26.51 27.96 23.46 25.30 25.90 24.58 25.21 24.51 27.43 24.68 30.09 24.61 29.95 25.77 28.38 28.48 25.81 24.90 25.88 26.74 25.63 26.95 25.67 23.20 27.49 25.19 26.13 25.31 26.47 22.30 23.30 23.81 26.19 26.22 26.47 25.83 23.40 26.37 26.80 26.29 23.72 26.59 25.39 25.88 25.31 23.50 26.59 24.14 23.91 22.71 24.93 22.86 27.01 23.28 26.46 25.91 26.66 22.06 27.29 25.71 26.93 24.34 27.14 25.88 22.93 23.29 26.41 25.28 25.63 25.64 27.97 25.50 27.13 25.98 26.08 22.34 27.51 24.58 26.62 24.09 26.93 24.78 24.96 27.57 27.75 26.39 27.13 28.12 24.53 
25.08 23.61 25.38 21.80 22.34 21.61 23.79 23.48 22.14 24.14 24.94 24.47 25.36 22.34 24.78 24.57 22.73 24.53 24.88 25.22 23.49 27.81 22.17 26.82 23.58 25.06 26.91 26.06 24.53 24.73 25.54 23.83 23.76 22.13 23.06 24.92 23.98 23.41 23.42 25.38 20.87 21.24 23.12 23.77 25.25 24.54 25.13 22.32 24.96 25.32 21.79 20.51 26.24 22.75 23.96 25.63 19.38 24.62 22.79 23.96 21.80 23.07 22.19 22.27 22.55 25.50 26.12 25.65 21.27 25.17 23.80 26.97 21.76 25.99 23.48 24.88 23.06 25.78 22.96 24.55 23.18 25.55 22.78 21.70 24.94 25.35 21.55 26.00 24.11 27.13 21.13 24.26 24.73 23.48 25.71 24.50 25.07 25.58 24.16 23.81 
25.27 23.97 25.37 21.04 22.19 22.61 25.75 22.78 23.55 25.18 24.97 23.78 25.99 23.85 23.49 24.74 24.01 23.61 25.82 25.09 23.88 27.66 21.13 26.26 24.15 26.79 28.07 24.53 24.25 24.91 25.32 24.82 24.18 24.32 21.26 24.67 23.90 22.81 22.93 25.56 21.57 23.66 22.82 25.73 25.81 23.96 23.32 22.34 23.15 24.60 23.06 22.17 26.82 24.28 24.51 24.87 22.69 25.39 21.75 23.75 22.56 23.60 23.12 24.23 22.70 24.75 25.61 26.68 21.84 28.32 24.63 28.72 22.69 25.05 21.93 24.90 21.89 24.06 23.29 23.33 24.16 28.42 24.39 22.98 24.85 25.74 22.94 24.87 24.37 28.06 22.50 23.60 24.92 24.31 23.87 26.07 24.88 25.09 24.45 22.54 
25.73 26.87 27.24 24.46 25.79 23.38 26.57 24.01 26.11 25.21 26.64 25.85 26.91 22.14 24.20 26.30 24.80 25.10 27.35 28.93 24.24 29.51 21.91 30.09 25.41 26.86 29.03 25.85 25.17 25.73 27.15 26.91 27.66 26.52 23.99 26.04 25.88 24.39 26.11 28.77 23.74 23.14 26.24 25.11 26.47 25.54 25.62 23.90 26.13 26.34 26.22 24.42 28.35 24.11 25.61 26.22 22.33 28.43 24.80 23.88 23.47 25.29 24.96 23.47 24.71 27.86 27.49 27.63 22.02 27.92 26.66 28.67 24.26 25.71 24.91 25.23 22.86 25.55 24.46 27.15 25.05 29.60 25.79 25.32 28.36 27.39 24.76 27.34 26.08 28.86 24.31 26.20 26.03 25.79 25.86 28.65 25.98 25.10 25.60 26.86 
25.70 22.67 26.46 22.44 21.77 21.98 25.05 21.93 21.74 23.61 23.98 24.63 25.63 22.51 22.40 21.55 22.62 22.81 21.23 25.58 21.18 25.68 18.03 27.62 21.42 27.10 25.62 24.83 24.35 23.39 23.44 23.29 23.34 22.35 21.92 24.12 24.14 23.94 22.55 24.68 21.22 21.87 22.77 23.35 23.14 24.71 22.56 19.86 23.27 24.26 23.22 22.59 24.72 23.39 22.68 24.04 21.09 24.18 21.80 22.66 22.33 23.23 22.58 22.92 20.14 24.40 24.89 25.12 19.97 25.13 23.45 27.30 22.33 24.97 21.13 23.52 22.34 23.61 21.64 22.92 23.71 25.52 24.13 21.23 24.03 24.25 22.55 24.34 22.06 24.84 22.08 23.04 23.45 23.17 24.03 22.77 25.62 23.47 24.99 23.83 
27.03 25.02 27.14 22.70 24.74 24.61 27.15 24.25 24.27 25.98 27.52 25.37 27.31 25.16 25.08 26.43 25.60 25.06 27.20 27.25 24.84 27.75 22.41 29.60 25.87 28.70 27.52 26.75 26.80 25.73 25.57 25.88 27.42 26.89 23.76 26.85 25.33 27.17 24.98 26.52 21.66 22.67 24.01 28.03 25.78 26.53 26.52 22.85 25.31 25.13 25.47 23.98 26.79 24.88 26.32 26.61 21.98 24.67 23.54 25.38 24.25 24.83 24.20 26.02 22.42 26.05 27.79 26.99 23.11 27.97 25.84 28.48 24.15 25.39 24.36 25.13 22.74 25.78 23.96 25.30 25.19 29.39 26.12 24.44 27.88 26.88 23.49 25.67 25.10 27.86 24.29 24.84 24.60 25.38 27.18 26.60 26.84 26.23 27.93 25.25 
26.27 25.26 25.91 21.39 25.04 22.94 25.48 23.54 23.99 25.54 26.09 24.92 24.23 22.79 25.50 25.77 24.03 24.09 25.60 27.06 24.07 28.80 23.12 26.96 24.56 25.05 28.31 25.60 24.71 25.14 22.69 25.06 25.85 23.36 23.84 26.54 22.86 24.68 25.09 26.35 22.60 24.43 23.69 22.95 25.26 23.04 24.28 21.34 23.74 25.82 23.33 21.60 25.90 22.89 25.47 24.58 20.93 26.00 23.08 22.64 22.96 25.21 22.06 24.23 21.88 24.61 25.99 25.30 21.62 27.50 25.07 27.71 23.71 24.14 23.26 24.03 20.55 24.07 23.06 24.62 25.62 27.00 22.27 23.94 24.35 26.04 22.40 25.82 23.36 26.19 22.41 25.54 25.86 24.25 25.94 26.47 24.88 26.70 26.98 22.89 
29.00 25.95 27.69 24.60 26.73 23.46 27.92 24.86 25.61 26.26 25.52 26.80 28.20 25.76 25.04 27.45 26.90 27.24 24.25 28.70 24.86 29.84 23.60 29.99 24.40 29.06 28.60 27.78 28.30 27.12 24.86 25.34 27.86 25.01 25.77 29.24 26.23 25.94 26.74 26.19 24.63 24.56 25.96 26.23 28.68 25.62 25.97 24.17 27.47 28.05 28.18 24.19 28.58 25.15 25.91 26.74 22.78 28.69 25.34 25.35 23.85 27.82 26.90 26.70 24.50 28.78 25.94 29.83 21.40 27.20 25.66 29.61 25.01 28.34 25.63 26.36 24.43 26.53 24.00 27.07 26.42 28.92 25.41 26.78 26.73 27.25 24.63 27.71 25.31 28.53 24.49 26.57 27.48 26.90 28.17 28.09 27.97 27.87 26.19 25.64 
23.70 21.95 22.43 19.19 21.10 20.97 22.89 21.11 20.54 21.29 22.67 24.39 23.93 20.19 22.18 23.00 21.59 23.54 22.50 22.25 19.87 24.47 19.97 24.40 21.43 22.39 25.80 21.68 22.52 20.62 22.63 21.55 23.11 22.16 21.34 24.83 20.70 21.21 21.77 22.85 19.03 19.76 21.49 22.04 22.71 22.28 22.42 21.43 22.27 22.65 20.86 20.30 24.02 21.72 23.33 21.87 19.19 21.77 20.62 20.53 20.31 21.12 19.78 22.45 20.12 23.01 23.87 22.66 19.59 21.64 22.01 24.19 21.41 22.08 21.30 22.55 21.06 23.23 20.84 21.77 21.45 24.50 19.59 20.82 24.05 23.84 19.44 25.09 22.47 24.16 20.87 23.77 22.69 22.29 23.50 22.86 21.59 22.26 22.37 21.47 
27.62 25.69 27.18 24.69 26.29 24.12 27.67 24.44 23.89 26.22 27.87 26.76 29.19 24.16 24.54 27.11 25.67 27.80 25.05 26.93 25.35 29.75 22.91 29.17 23.57 29.07 28.99 27.26 26.84 26.33 27.86 26.58 27.41 26.39 25.55 28.81 25.70 25.18 25.19 27.76 23.50 23.81 25.82 26.41 27.14 25.47 25.90 23.90 28.36 28.18 25.82 24.88 29.05 25.19 27.37 24.70 23.38 28.63 24.96 26.08 25.44 27.31 26.61 25.27 25.48 28.71 27.55 29.16 23.86 26.76 26.73 30.44 23.85 27.98 25.69 25.82 24.34 26.87 26.61 27.49 26.80 28.99 25.30 23.78 27.63 28.44 25.12 28.56 24.30 28.21 26.75 25.68 27.85 24.89 27.05 27.79 27.57 26.24 27.40 26.92 
26.06 25.55 26.67 22.07 25.60 22.82 25.32 23.65 24.91 25.02 26.38 26.36 26.95 24.04 23.71 26.93 24.30 26.01 25.10 26.42 25.03 26.25 23.28 27.94 24.21 27.65 27.78 25.44 24.98 25.27 25.14 25.07 26.10 25.12 22.30 26.76 24.24 25.77 24.90 26.74 22.10 20.55 24.86 25.47 26.01 25.45 24.15 23.76 25.38 27.60 25.22 23.46 27.34 23.53 26.07 25.72 22.89 26.08 23.39 23.65 23.50 25.73 24.72 24.24 22.95 25.87 28.02 26.20 21.12 28.17 25.20 28.74 23.91 26.14 23.00 24.98 20.83 25.53 23.91 27.03 25.48 28.86 23.22 24.09 25.39 26.54 23.64 25.85 24.60 26.53 24.34 23.56 25.19 24.17 24.87 27.25 26.45 25.15 26.55 26.02 
25.69 24.42 25.08 23.61 25.48 22.66 25.62 24.01 22.25 26.38 25.89 23.89 25.95 23.41 23.55 25.97 24.65 24.02 24.96 26.47 24.83 28.64 21.93 26.49 24.13 27.99 28.00 26.10 25.67 25.74 26.34 26.02 24.87 24.04 24.27 27.49 24.91 24.65 23.77 26.67 23.09 22.63 24.10 25.17 24.29 24.14 24.29 21.92 25.14 26.50 25.59 24.29 27.76 25.43 24.35 23.88 21.75 26.16 23.46 23.86 21.89 23.71 23.40 24.08 23.31 26.64 25.56 27.38 22.68 26.28 24.60 28.26 23.45 26.47 21.37 24.37 21.24 24.81 23.98 25.15 25.06 27.65 24.26 24.17 25.82 25.83 23.09 27.21 24.07 26.98 24.74 24.94 26.01 24.92 26.36 26.02 26.52 26.34 26.01 23.92 
24.01 24.44 24.56 21.66 23.09 22.05 24.12 21.94 22.86 23.39 24.05 22.47 24.87 22.77 20.83 22.91 22.49 23.03 23.31 25.49 22.71 26.85 18.94 25.47 21.98 25.76 25.21 23.95 23.72 24.15 24.11 24.67 24.03 23.09 22.47 25.01 22.44 22.42 22.16 25.61 20.17 21.83 23.76 22.41 24.48 21.21 23.11 21.20 24.33 25.09 22.40 21.60 23.69 22.97 23.59 24.87 19.08 24.25 22.93 22.08 21.26 24.71 22.64 22.93 21.95 23.26 24.99 25.31 20.84 24.48 23.65 26.51 22.08 23.98 22.22 23.19 21.01 25.37 22.13 24.30 24.13 26.35 22.65 21.44 25.70 25.38 22.47 26.20 23.05 25.37 22.82 23.02 24.78 22.96 24.97 24.72 24.39 22.23 24.01 24.48 
23.13 22.40 23.61 21.29 23.03 22.05 23.02 22.12 21.40 23.97 25.83 25.55 25.98 21.56 21.88 23.89 22.46 21.76 24.42 24.34 23.09 26.52 20.62 26.30 23.33 27.09 27.85 24.39 23.33 23.15 24.69 23.40 24.56 21.99 22.98 25.65 23.07 24.07 23.25 24.07 20.86 21.14 23.65 21.99 23.49 22.60 23.35 20.00 22.72 25.68 22.50 22.34 26.06 21.42 23.20 22.92 20.69 24.97 22.85 22.79 22.84 23.44 22.07 23.12 21.67 25.29 25.91 26.93 20.03 24.74 24.38 26.14 24.68 24.31 22.71 23.32 19.61 24.23 24.09 23.10 22.93 25.84 21.97 23.27 25.63 26.04 21.69 27.17 22.79 25.32 23.14 22.43 24.86 24.33 26.15 25.18 25.70 24.05 24.76 24.02 
26.66 24.78 26.47 23.68 24.33 22.83 26.61 24.69 25.16 25.69 25.51 25.88 26.34 24.07 24.56 24.83 25.05 25.94 25.65 28.29 24.57 28.96 22.61 29.61 26.00 28.88 28.05 26.91 26.63 26.12 26.91 25.66 26.93 25.04 23.83 27.09 26.14 24.82 25.63 28.16 22.83 23.14 24.85 25.31 27.37 24.67 26.24 24.14 26.10 26.65 24.38 24.28 28.90 25.36 25.58 25.33 22.14 26.14 24.04 23.94 22.93 26.33 24.78 24.02 24.62 29.07 26.92 28.29 22.00 25.83 24.88 27.54 24.92 25.62 24.97 25.40 23.81 26.65 24.40 25.64 25.11 26.80 25.12 24.63 28.02 27.23 25.38 27.43 25.94 28.32 23.26 25.46 26.57 25.13 28.42 25.80 27.97 25.55 25.85 25.73 
29.76 25.66 26.83 24.64 25.88 23.62 26.89 24.59 24.36 27.13 27.77 28.55 28.70 26.30 24.38 26.34 25.58 24.08 26.59 29.05 25.28 31.10 24.91 29.12 24.74 29.88 29.29 27.09 26.25 26.16 26.14 26.71 28.43 26.77 26.06 26.65 24.98 25.75 25.52 28.44 23.38 24.52 27.10 28.05 26.35 26.07 27.63 23.88 26.49 27.91 26.02 24.59 27.87 26.98 26.69 28.15 23.20 27.67 25.85 25.42 24.91 25.09 25.67 26.09 24.65 28.15 27.14 28.27 21.30 28.96 26.42 28.76 23.72 27.73 25.56 25.36 23.84 26.73 24.39 26.70 26.63 29.72 26.06 26.58 29.11 27.15 23.86 28.78 24.76 29.49 24.89 26.91 26.41 27.31 29.30 28.12 26.16 26.11 27.23 24.28 
24.28 22.62 23.84 20.56 23.13 21.17 23.49 23.18 21.77 24.27 22.90 22.99 24.20 22.40 23.99 22.05 22.94 23.99 22.86 23.94 23.70 26.95 20.99 25.78 21.95 26.67 24.74 25.37 24.16 23.01 23.94 22.53 24.18 22.00 23.02 23.88 22.36 23.21 22.81 24.56 19.83 21.00 22.12 20.86 24.02 22.13 22.18 20.29 23.90 25.31 22.75 20.39 25.35 22.84 22.50 24.84 20.02 24.92 22.18 21.19 20.72 24.80 22.99 21.25 21.77 23.61 24.18 25.87 19.38 24.53 23.68 26.26 22.28 25.03 21.19 22.08 22.00 24.16 23.21 23.61 23.78 25.29 22.69 22.26 25.16 23.87 22.13 25.02 23.77 25.72 21.75 21.90 23.63 22.83 25.55 24.67 25.77 24.89 23.85 22.64 
28.16 26.78 29.56 25.09 26.88 25.20 28.83 25.45 25.22 27.78 28.81 27.75 29.86 27.06 26.38 29.13 27.31 25.75 27.10 29.30 27.60 30.24 23.98 31.11 26.44 29.90 30.46 28.68 26.93 26.56 27.93 26.32 28.60 26.87 28.26 29.94 28.39 26.81 28.16 29.01 24.57 25.94 27.23 28.08 28.06 26.36 26.39 23.42 26.74 28.50 27.25 24.38 27.71 25.63 27.65 26.35 22.43 29.30 26.00 25.46 25.48 28.74 26.06 28.12 25.97 27.81 28.39 29.51 23.24 29.07 28.48 31.09 25.69 26.81 24.64 27.75 23.50 27.35 26.81 29.10 27.27 31.49 26.37 25.35 28.03 29.12 25.33 30.11 26.13 30.29 27.82 28.92 27.18 27.17 29.96 29.05 28.37 28.09 29.53 27.52 
29.22 26.33 26.70 25.39 26.29 23.92 27.63 24.63 24.50 26.71 28.72 26.96 28.31 25.32 23.57 26.40 25.22 26.58 27.47 28.12 25.28 31.04 24.19 28.49 23.40 29.71 30.05 27.58 27.72 26.61 27.38 27.30 26.08 25.25 25.52 26.14 25.60 27.05 24.49 27.61 23.76 24.57 27.07 27.18 26.18 26.05 25.98 24.82 28.08 28.41 25.50 24.57 29.11 26.11 25.63 28.04 23.29 28.14 25.07 25.45 23.19 25.68 27.02 25.24 24.67 26.30 29.29 28.73 22.89 29.18 27.01 29.61 23.67 28.43 26.05 26.14 25.17 28.84 26.59 26.32 26.66 29.47 27.47 25.20 29.79 27.14 24.34 29.05 26.11 29.97 24.90 26.98 27.56 27.42 28.18 28.59 29.20 27.58 27.75 25.53 
25.73 26.48 25.30 22.84 24.82 23.01 23.78 23.58 23.91 25.88 24.41 25.89 24.92 21.60 24.48 25.28 23.63 24.17 23.90 26.51 23.51 26.54 22.75 26.26 24.26 27.05 28.10 25.36 26.23 25.95 24.71 24.92 25.32 24.08 24.13 26.45 23.73 26.46 23.55 24.20 22.53 21.70 23.77 24.09 24.86 24.43 23.38 20.94 24.93 25.79 24.98 21.45 26.57 23.18 26.39 24.92 20.86 24.31 24.10 21.93 21.49 25.05 22.91 23.23 22.65 25.73 26.63 26.06 21.82 26.98 24.50 27.80 23.84 24.36 23.65 24.46 21.67 26.63 23.05 25.78 24.10 25.93 23.22 24.62 24.74 25.05 22.36 26.68 23.82 25.78 22.16 25.08 25.82 24.26 26.79 24.95 24.67 24.03 25.83 24.50 
26.44 25.13 27.13 23.34 24.43 23.23 26.64 23.62 23.22 25.60 27.20 25.54 27.41 25.74 25.91 25.44 26.02 25.47 25.16 28.27 24.97 27.75 23.24 27.41 24.49 28.89 27.79 27.03 26.12 24.60 25.86 24.82 27.25 24.92 23.96 25.66 24.42 24.11 25.04 25.42 23.66 24.32 24.96 26.44 25.65 25.56 24.33 22.42 25.32 26.01 24.62 22.87 27.68 23.56 25.25 25.44 21.26 25.54 23.52 23.44 21.61 25.35 22.34 26.19 23.31 26.68 26.67 26.13 21.49 27.06 25.39 27.84 23.83 26.39 23.84 25.11 22.65 26.57 22.95 25.08 24.89 27.86 25.15 24.83 26.08 27.69 23.30 26.78 25.88 27.94 23.48 25.64 27.49 26.18 27.35 25.98 26.95 25.58 26.47 24.07 
24.07 24.67 25.42 21.86 24.30 21.03 24.28 21.14 23.02 25.03 25.38 22.64 24.41 21.17 23.08 23.88 22.93 24.59 23.53 23.50 23.98 25.47 21.40 24.82 22.66 25.84 26.01 22.88 23.11 24.41 25.37 24.52 24.17 24.27 21.70 23.70 22.86 22.52 23.27 24.72 20.92 21.35 22.61 22.21 24.54 23.22 21.83 19.77 24.46 24.96 24.14 20.36 25.35 21.97 22.70 24.07 20.96 24.88 20.24 22.84 22.07 23.56 22.32 23.47 23.30 22.65 24.27 24.11 21.24 26.02 24.42 25.70 21.53 24.72 21.60 24.01 20.32 24.36 23.27 25.59 22.32 26.62 23.27 23.26 25.25 26.12 22.25 26.77 23.83 24.58 23.58 23.52 24.40 23.43 24.60 24.31 24.06 22.91 24.91 24.40 
26.55 24.50 26.07 23.63 22.95 21.68 23.42 24.61 23.33 26.00 24.59 24.94 25.21 24.39 24.37 24.48 23.56 23.74 24.64 27.88 24.68 27.61 22.84 27.55 23.88 28.92 28.18 26.24 25.15 26.46 25.78 25.63 25.85 24.39 24.25 26.03 24.57 24.74 24.30 25.06 22.36 22.85 24.41 24.02 25.14 25.25 25.54 21.72 25.09 26.40 24.62 22.13 27.44 23.66 26.07 25.32 21.88 23.81 24.13 23.57 21.73 25.57 23.89 22.77 23.50 25.07 26.56 25.78 21.14 25.90 25.41 27.53 24.84 25.78 22.54 26.16 22.95 25.93 22.19 25.82 25.33 26.51 25.17 23.91 26.51 26.19 22.64 27.27 23.70 27.93 23.34 24.21 25.47 23.63 25.95 24.45 26.84 25.45 25.59 24.65 
25.04 25.80 25.45 22.20 24.81 23.75 24.64 22.73 23.26 25.14 24.79 23.78 24.97 23.25 23.95 24.96 24.49 23.02 22.67 24.48 23.06 26.01 22.60 26.87 23.83 27.74 26.66 24.26 24.34 24.44 24.33 24.70 25.03 25.06 22.25 24.96 22.56 23.68 23.05 26.26 21.91 22.69 24.15 25.13 27.08 22.34 23.94 22.57 25.09 25.61 24.58 22.69 25.35 23.02 24.29 23.94 21.79 24.55 22.69 21.04 21.89 23.93 22.87 22.90 21.98 24.46 24.71 24.44 20.27 24.81 23.71 26.28 22.15 24.67 21.01 24.45 20.28 23.93 23.65 23.37 22.23 28.53 22.66 23.94 25.56 24.11 22.85 27.88 23.32 25.59 23.07 23.95 24.63 25.15 25.90 23.61 25.21 24.14 24.89 22.94 
26.15 25.04 26.51 22.45 25.28 23.63 26.00 24.64 24.06 26.17 26.01 25.30 25.54 25.79 24.28 25.26 24.38 24.92 24.28 27.58 24.90 26.97 22.04 28.06 25.07 27.92 28.85 26.00 25.22 23.10 25.14 25.69 25.45 23.58 24.11 27.23 24.35 25.52 23.30 26.88 22.86 23.07 23.91 26.10 25.87 25.47 23.03 21.68 25.71 26.87 25.42 22.53 26.56 23.02 26.65 25.17 21.90 26.00 23.76 23.23 23.07 25.77 22.32 24.67 23.52 24.38 26.40 25.42 22.88 25.74 25.19 28.21 24.68 25.09 22.60 25.84 21.69 24.71 22.39 24.59 25.25 28.54 23.21 23.62 25.01 24.89 23.39 26.26 24.35 25.38 24.24 22.91 26.31 24.95 26.09 25.91 25.18 26.08 25.87 23.71 
24.99 23.57 24.96 20.95 22.82 22.33 22.98 22.70 21.57 24.23 25.87 22.41 24.51 21.38 22.93 22.06 24.09 23.77 24.76 24.98 24.62 27.12 20.61 26.01 22.86 23.86 24.74 23.84 24.73 22.76 23.68 24.89 25.07 23.03 21.90 23.00 22.01 23.21 23.87 24.29 19.47 22.75 22.50 22.64 22.49 22.83 23.36 20.32 23.53 24.24 22.91 19.47 24.01 22.82 24.41 25.24 18.74 22.74 22.81 21.54 22.09 22.34 21.55 23.56 20.85 23.17 26.26 22.71 20.55 24.17 24.03 26.39 20.71 23.62 23.12 21.98 19.81 23.73 21.31 24.30 24.61 25.76 21.99 22.08 23.90 24.14 22.98 25.88 21.87 25.59 22.61 22.77 22.40 24.21 24.70 24.96 23.11 23.66 24.89 22.72 
24.72 23.03 25.06 21.41 23.45 21.38 24.65 22.16 22.41 23.63 23.58 24.83 23.19 20.60 23.42 23.57 24.66 23.98 22.74 22.95 21.71 25.92 21.62 28.88 23.65 26.41 25.13 23.23 23.69 22.28 23.21 22.78 25.39 23.88 21.71 23.94 23.65 23.20 23.92 23.74 20.50 21.57 22.58 22.74 24.44 23.24 23.31 21.41 22.53 24.67 22.82 21.41 25.72 22.35 22.63 23.48 20.51 22.75 22.31 22.01 21.18 23.50 23.00 23.82 21.24 24.77 24.64 25.09 18.47 24.95 23.20 26.44 22.17 24.95 23.37 22.26 21.10 22.61 22.80 22.79 23.71 25.58 22.34 23.34 24.35 22.77 22.40 24.89 23.59 24.98 21.44 21.97 24.66 22.60 25.20 25.03 24.56 22.83 25.31 23.56 
25.49 23.55 24.74 21.89 23.47 21.08 25.97 21.21 20.48 24.38 24.51 23.95 24.38 23.93 23.36 23.75 22.23 25.29 24.72 25.04 23.00 27.11 20.75 25.93 21.37 26.14 26.68 25.12 24.70 23.21 23.92 24.32 23.81 22.67 22.43 24.84 23.42 22.13 21.63 23.73 21.83 22.74 22.51 22.11 23.13 22.45 22.52 20.89 23.65 24.62 24.02 21.67 25.42 22.91 23.87 24.41 20.23 24.33 21.31 22.59 21.13 22.75 21.79 23.15 22.76 24.50 25.47 26.02 22.25 25.36 23.87 26.46 21.95 25.61 22.07 23.86 21.47 25.53 21.47 23.77 24.19 25.39 23.07 20.79 25.42 25.48 22.84 26.83 23.97 25.15 22.46 24.96 25.14 24.66 24.54 23.73 24.03 24.86 23.70 22.30 
30.11 28.09 29.65 26.78 28.73 26.22 29.83 27.75 27.85 29.11 28.53 30.70 30.02 26.94 28.94 28.89 28.69 29.43 29.43 30.29 29.15 32.28 27.80 32.42 28.87 32.46 31.90 31.00 29.81 28.27 28.43 27.85 29.26 28.01 27.50 30.65 26.74 28.26 28.39 30.85 26.42 25.17 27.79 28.55 30.20 27.60 28.95 24.92 27.68 30.40 28.54 26.00 31.06 28.47 28.24 29.00 25.47 30.13 27.38 27.62 26.19 27.54 27.54 27.43 27.37 31.15 29.15 32.22 24.75 31.27 28.97 32.17 25.87 30.22 27.36 28.51 25.72 29.31 28.64 29.48 30.51 32.22 27.68 28.42 29.16 30.22 27.35 29.80 28.70 31.58 26.60 26.40 29.16 29.60 29.98 32.35 31.68 29.99 30.35 29.12 
25.31 25.95 27.78 23.81 26.99 22.75 25.48 25.06 23.80 26.36 26.87 25.05 26.17 23.43 24.75 26.01 24.88 25.42 26.87 27.25 25.10 27.66 24.59 27.31 25.53 30.50 28.56 25.22 26.36 26.49 27.55 26.48 25.79 25.65 23.34 25.70 25.80 25.97 26.42 27.78 23.83 22.77 25.21 25.50 25.49 24.13 26.38 22.63 26.89 27.59 25.63 23.79 29.69 23.52 24.89 25.60 22.67 24.01 24.91 24.14 24.09 24.33 24.12 24.50 24.73 26.66 25.68 26.43 22.64 25.68 24.74 28.69 23.90 25.61 23.38 24.78 21.57 25.40 23.46 26.23 24.21 28.43 25.59 26.43 25.82 25.38 23.87 27.55 23.76 26.91 24.63 24.93 24.89 26.31 26.90 27.29 25.92 26.27 27.34 23.90 
27.79 24.19 26.96 22.97 24.34 23.88 26.09 22.98 23.23 25.46 25.66 26.01 28.83 25.33 24.81 25.64 25.13 25.93 25.23 25.90 24.90 28.15 22.80 29.78 24.64 30.44 29.36 26.33 25.22 24.60 25.31 25.65 27.11 26.65 24.59 27.30 24.93 26.38 24.54 26.01 22.67 22.86 24.13 24.45 26.69 25.00 25.15 23.28 25.81 26.62 25.43 23.94 27.46 24.83 25.42 24.90 21.95 26.25 25.05 24.89 25.03 26.10 25.74 25.36 26.42 27.62 26.19 27.66 21.69 27.60 25.89 28.35 25.55 27.19 23.81 26.42 23.18 26.45 23.81 26.31 25.90 30.25 25.29 25.12 26.60 28.82 23.35 27.24 25.46 26.79 25.86 25.77 26.49 25.58 26.88 27.14 26.74 25.88 27.17 24.62 
26.47 25.64 27.42 24.87 25.31 22.90 27.32 24.42 26.06 27.74 26.54 26.41 27.04 24.60 25.74 26.63 26.10 24.60 27.39 28.34 24.46 28.36 22.90 27.66 25.72 30.25 29.48 25.99 26.49 26.86 28.07 25.88 27.20 26.98 25.78 27.19 26.42 25.20 26.75 27.09 23.69 24.95 27.70 25.08 27.99 25.74 26.34 22.83 25.65 28.64 26.15 26.38 29.26 24.83 26.56 27.14 23.54 27.69 24.01 22.97 22.77 25.45 23.95 26.84 25.53 26.30 25.53 27.94 21.72 27.12 26.70 28.79 24.84 26.78 22.80 26.34 23.31 27.69 24.51 28.50 24.62 30.09 26.35 26.70 28.04 26.44 26.01 29.23 26.13 29.67 25.44 26.52 27.04 27.32 28.85 28.28 27.95 26.60 26.68 25.86 
28.00 25.38 26.99 25.94 24.33 24.25 28.07 23.44 23.52 25.48 26.59 27.77 29.29 24.20 27.60 26.50 25.08 26.17 26.20 28.71 25.83 29.80 21.57 28.78 25.31 28.93 29.27 29.04 26.45 24.37 27.40 24.90 27.47 26.50 24.73 27.42 24.77 26.23 24.59 27.52 21.84 24.54 25.47 26.36 26.66 26.79 27.23 22.82 26.86 26.81 26.34 25.08 27.11 25.94 25.31 26.72 21.79 26.40 26.48 25.94 23.41 25.86 24.48 25.22 24.57 27.85 28.46 29.46 23.22 27.10 24.97 28.83 25.69 27.74 26.24 25.62 23.33 26.41 23.40 26.70 26.10 30.46 26.12 24.09 27.69 27.53 25.59 26.46 25.90 27.13 25.47 23.42 26.28 26.36 25.15 28.23 27.19 25.74 26.74 25.80 
26.71 26.84 28.34 24.47 27.57 24.35 27.18 25.47 23.13 27.33 25.53 25.67 28.61 25.52 25.07 28.49 25.46 26.31 26.18 28.11 25.73 29.23 22.42 29.24 24.48 28.52 27.22 27.35 26.82 26.29 27.72 27.81 27.61 25.27 24.86 26.63 26.75 26.64 25.16 28.77 22.31 24.07 26.40 26.83 25.74 25.96 24.29 24.12 26.13 29.20 27.02 22.93 29.00 24.73 27.51 26.39 21.78 28.12 24.74 24.34 23.41 25.93 25.32 24.80 25.58 26.89 27.59 27.11 23.23 28.48 26.31 29.09 25.16 27.29 24.58 25.04 22.61 26.60 25.62 26.59 26.48 28.91 25.95 25.14 27.32 26.52 24.14 27.47 25.13 27.05 26.54 26.11 26.59 26.04 27.50 28.02 26.86 26.61 28.26 26.37 
25.08 24.69 25.27 21.64 24.28 22.30 26.06 24.13 23.40 25.05 25.45 24.52 23.97 23.77 23.59 24.36 24.03 23.56 24.76 25.66 22.52 26.31 20.49 25.42 24.36 25.80 27.77 24.52 23.45 25.43 24.22 22.83 24.41 23.24 23.73 26.60 25.23 23.87 23.14 25.52 22.86 21.85 24.17 23.33 25.01 24.45 24.70 21.75 22.91 27.26 23.42 23.31 27.20 22.66 24.58 24.99 20.73 25.98 23.26 22.85 21.84 25.56 23.47 23.24 23.36 25.52 24.20 26.11 21.62 26.80 23.93 27.68 23.43 24.80 22.17 22.49 20.66 26.30 22.76 24.20 23.67 25.73 22.73 23.56 24.84 25.73 22.38 25.41 24.97 27.45 23.14 24.24 25.97 24.54 26.16 25.80 24.57 24.21 24.92 24.45 
24.42 24.30 24.60 22.16 24.20 21.82 26.03 21.83 23.38 24.37 23.71 23.59 25.68 20.36 23.57 24.35 23.75 24.68 23.06 25.55 23.75 26.75 21.02 26.37 22.63 26.69 26.90 24.69 24.10 25.17 24.27 24.64 25.24 23.69 23.21 25.22 22.88 23.39 23.67 25.39 21.61 21.90 22.22 22.05 24.45 21.27 24.44 20.34 24.45 24.74 23.71 20.94 24.91 22.89 23.33 23.39 21.03 24.72 22.52 22.18 22.09 23.67 23.98 24.31 22.41 25.14 25.12 26.99 20.08 23.32 22.18 25.80 23.17 24.48 23.05 23.03 22.83 24.47 24.33 23.31 24.06 24.36 24.16 22.95 25.18 23.98 23.51 25.31 23.23 25.92 22.66 22.75 25.34 23.52 24.60 24.09 25.75 23.89 25.57 21.83 
27.02 27.10 28.33 23.69 26.29 25.22 27.34 24.75 24.80 26.95 26.61 27.39 27.97 24.69 26.27 26.92 25.86 27.00 25.93 27.09 25.76 28.27 21.85 28.95 25.37 29.01 30.01 25.94 25.43 26.11 27.07 26.26 28.14 27.01 24.34 28.29 25.97 26.05 25.91 26.85 23.40 25.74 26.60 26.27 27.11 25.56 24.81 24.69 25.28 27.66 26.66 24.02 29.43 25.54 27.14 26.83 22.82 27.15 25.08 23.61 24.62 26.91 25.59 26.80 25.04 28.47 28.28 28.35 23.22 27.95 25.21 29.78 26.35 26.59 23.66 26.75 22.87 26.43 24.19 27.44 26.02 29.93 25.81 24.30 26.94 28.53 25.96 28.13 26.82 28.42 26.00 26.38 26.87 27.56 26.09 27.36 26.07 26.13 26.31 26.58 
26.25 23.85 25.95 23.48 23.34 22.32 24.84 21.79 22.55 24.31 23.96 24.79 26.36 25.94 23.34 24.26 25.88 24.74 24.13 27.46 24.75 26.84 21.44 28.35 24.18 26.82 27.76 24.81 24.78 23.85 25.69 25.48 26.80 24.94 24.31 26.05 24.80 23.75 24.56 25.96 20.80 23.40 24.10 25.51 26.09 24.15 23.80 23.27 23.63 25.68 24.59 21.96 26.05 24.29 24.85 24.56 20.86 26.70 22.66 21.97 21.89 24.32 23.91 25.55 22.54 25.56 27.02 26.24 20.96 24.49 24.10 26.72 24.01 24.89 22.35 23.55 21.89 24.84 21.98 24.04 24.56 27.13 23.84 22.86 26.41 26.68 23.38 27.14 24.99 27.32 23.49 23.93 24.88 24.92 25.24 25.88 25.00 24.93 24.05 23.97 
27.05 27.26 29.35 24.02 26.06 24.36 28.43 25.19 25.40 26.01 28.71 26.08 28.57 25.58 27.13 27.96 26.25 26.07 27.56 28.66 26.17 29.63 23.64 28.16 26.50 30.44 29.92 26.85 27.24 25.31 26.62 27.38 26.53 27.03 25.24 26.83 26.53 27.35 25.99 28.24 23.93 23.91 27.33 27.31 27.44 27.24 26.94 23.58 26.21 28.44 26.71 25.30 27.69 25.02 25.27 26.73 21.80 26.93 25.63 24.81 24.87 25.92 24.26 26.15 24.63 27.15 27.36 28.85 22.82 28.26 25.30 31.29 25.47 28.35 24.51 27.96 24.28 27.39 24.25 26.48 27.05 30.19 25.37 24.85 26.41 27.22 23.61 29.07 26.67 27.27 26.20 24.61 27.32 25.46 27.59 27.71 27.12 27.40 28.86 24.75 
25.52 26.38 27.09 22.26 26.50 23.79 27.09 23.02 23.74 25.77 27.16 25.58 26.55 22.45 23.17 25.67 24.70 25.08 25.49 26.68 23.72 27.74 23.94 27.33 23.55 27.95 27.31 25.66 26.11 24.79 25.24 25.30 25.59 25.32 23.94 26.39 23.80 25.50 24.38 26.70 21.96 21.50 24.01 24.19 25.06 23.52 24.59 22.05 25.46 26.27 24.54 23.65 26.28 23.18 27.33 25.08 22.53 25.14 24.40 23.71 23.51 24.74 22.94 25.10 22.55 25.09 25.87 25.32 22.88 27.41 26.39 28.98 21.74 24.96 23.82 24.24 23.16 25.95 24.33 25.42 26.01 27.93 23.69 24.84 25.66 27.00 23.45 27.52 22.41 26.88 23.86 24.77 24.71 26.58 27.18 26.95 25.11 24.76 26.12 24.40 
29.30 27.20 30.71 25.97 28.16 26.08 29.26 26.61 27.83 28.78 28.18 27.61 29.06 26.46 26.34 29.54 27.75 28.35 26.30 29.98 27.81 31.63 25.14 29.84 26.88 31.17 30.09 27.71 27.55 27.25 29.56 29.76 29.18 27.85 26.60 30.26 27.85 25.80 27.31 29.14 25.84 26.45 27.65 27.83 28.30 26.52 27.57 23.57 28.54 28.64 28.33 25.60 29.79 26.08 26.63 27.36 23.03 28.16 27.33 25.99 25.02 28.89 26.68 27.82 26.41 28.25 28.15 29.44 22.90 28.97 26.73 30.79 26.65 28.42 26.44 28.09 24.79 28.56 26.50 28.91 28.17 29.77 28.19 26.56 29.26 29.42 25.42 30.23 27.81 29.59 26.61 27.00 28.66 27.55 29.75 28.70 28.69 27.92 29.20 28.24 
27.71 25.97 26.19 24.22 25.88 24.31 27.39 23.13 23.07 25.66 25.77 24.51 27.65 24.43 23.28 25.74 24.35 25.02 23.28 27.57 23.18 27.97 22.03 27.83 23.74 28.07 27.54 27.13 26.37 24.98 26.13 24.71 26.49 23.88 24.62 27.42 24.58 25.76 23.55 26.98 22.79 24.03 23.83 25.23 25.54 24.65 25.22 22.28 25.61 23.94 26.67 22.21 26.06 24.10 26.75 24.42 22.21 25.62 23.02 23.62 22.80 25.87 24.00 24.83 23.10 25.89 26.60 26.99 21.82 25.55 24.69 28.62 23.17 25.76 22.89 24.09 22.11 24.27 24.44 24.05 25.00 27.20 25.76 23.94 27.00 25.83 23.86 27.45 22.56 26.56 23.50 25.38 24.69 26.75 27.30 25.01 26.44 24.64 27.53 23.62 
23.21 22.57 24.71 20.33 23.38 20.99 23.11 22.03 22.72 24.52 24.23 22.73 25.08 22.67 22.55 23.55 22.75 23.31 24.39 24.20 22.09 26.25 20.42 26.03 21.85 26.32 25.83 22.65 23.27 23.17 23.44 24.79 23.40 23.68 22.31 24.12 22.93 22.65 21.33 24.09 22.18 19.05 22.63 23.98 24.37 23.26 24.11 20.95 23.90 23.65 22.61 22.18 25.81 22.40 24.51 23.76 20.03 24.21 22.96 21.46 22.67 22.39 22.88 21.03 21.52 23.83 25.67 25.43 20.25 24.64 23.64 28.15 20.91 25.56 21.52 23.27 21.77 23.86 21.99 23.81 22.57 26.55 21.87 21.49 24.71 24.45 20.43 24.83 23.47 25.71 22.66 22.55 24.33 22.94 23.47 24.73 23.96 23.13 24.39 22.89 
26.66 25.91 27.95 23.58 27.48 25.39 27.66 25.74 26.31 26.94 27.21 25.92 28.37 26.22 25.80 26.43 25.03 25.48 27.29 28.75 26.46 29.52 24.66 30.24 26.93 29.59 30.30 27.46 26.93 27.59 26.85 28.46 27.84 26.14 23.81 28.57 25.55 25.87 26.57 27.86 24.56 24.87 25.88 24.45 27.61 25.23 25.30 24.40 26.73 27.53 25.89 23.12 30.88 25.54 27.41 27.99 22.28 28.29 26.46 24.46 24.04 28.96 24.92 26.30 25.84 26.62 26.66 27.96 22.74 28.65 27.83 28.63 27.04 26.72 24.94 26.24 24.65 27.58 26.39 26.81 27.17 28.49 26.18 25.37 27.55 28.00 25.38 29.16 26.01 28.53 23.51 26.68 27.13 27.82 28.92 28.61 28.65 26.74 28.49 25.73 
28.02 28.65 28.83 25.80 25.96 25.80 27.46 27.29 25.33 26.92 27.36 27.85 29.17 25.09 27.31 27.26 25.60 27.18 28.31 29.98 25.61 31.87 24.33 31.10 27.18 30.05 31.92 28.61 28.05 28.18 29.04 27.38 28.04 26.33 26.97 29.22 27.53 27.88 27.08 29.16 25.41 25.11 27.13 26.84 28.88 27.47 28.61 24.46 28.48 29.16 26.97 24.69 30.35 27.98 28.72 28.15 24.38 28.17 25.89 27.74 25.10 27.15 25.62 26.92 26.30 30.16 29.80 30.86 24.57 28.18 27.16 31.15 25.76 28.74 27.33 27.96 25.43 29.01 26.09 28.22 26.80 29.66 27.32 26.53 28.45 29.37 27.10 28.59 28.86 29.26 27.61 26.68 28.42 26.50 29.03 29.22 29.62 26.78 28.79 27.83 
25.22 24.89 26.87 22.66 24.71 22.12 24.57 24.13 23.02 25.40 24.57 24.68 24.31 21.46 23.29 24.07 22.64 24.57 24.57 25.44 23.16 26.38 21.30 27.09 23.73 26.71 25.65 23.83 25.36 25.75 25.85 24.60 24.03 24.80 21.24 24.69 25.18 24.56 23.74 25.12 22.09 21.77 24.50 23.55 22.72 24.06 24.17 22.12 24.22 26.63 22.26 23.46 27.86 23.72 24.19 25.61 21.80 24.51 23.94 23.90 21.49 24.27 23.84 22.73 23.38 24.80 25.17 25.68 21.65 26.98 24.73 26.99 22.22 25.40 22.67 23.38 21.96 26.90 23.86 25.87 24.70 26.96 24.00 23.36 24.67 24.27 24.45 26.27 22.86 27.55 22.71 24.22 25.74 24.20 26.30 26.73 26.69 24.51 26.00 25.42 
25.32 24.80 27.39 25.35 25.65 23.85 28.06 24.80 23.18 25.49 26.05 27.07 28.68 22.95 24.70 26.38 24.64 25.53 26.30 28.23 24.81 28.86 22.94 29.19 24.30 29.89 29.67 27.49 25.22 26.27 26.85 26.91 27.21 24.35 24.52 28.33 26.81 27.15 25.89 27.11 22.78 23.69 25.64 25.80 25.14 26.42 25.06 23.71 26.28 27.88 26.86 24.37 28.33 24.25 25.31 26.27 21.50 27.56 25.70 23.86 25.24 25.88 25.28 26.08 23.75 28.52 27.33 29.32 22.06 27.28 26.18 29.03 25.47 26.96 25.27 26.93 23.76 25.93 24.78 26.80 25.64 28.31 25.75 25.06 26.26 27.35 24.90 26.04 25.72 26.91 26.25 24.70 26.71 27.74 26.73 27.34 28.09 24.75 26.85 25.38 
27.55 27.00 27.83 25.80 27.11 24.96 27.24 25.28 26.72 27.27 27.11 27.60 29.24 24.41 25.62 27.26 25.90 25.94 25.59 28.03 24.87 30.45 25.74 30.69 26.84 30.28 31.16 26.94 27.18 26.54 27.42 29.02 28.57 25.89 26.03 28.42 26.35 26.24 27.26 28.26 26.69 24.86 25.66 25.98 27.92 26.18 28.13 23.98 28.83 26.81 26.77 25.18 28.55 25.45 27.35 25.63 24.51 27.63 25.34 26.86 24.15 25.38 25.16 25.62 24.79 28.00 29.57 29.16 22.63 27.33 27.34 29.73 25.35 28.72 26.95 26.93 23.56 26.98 27.14 27.25 26.73 29.32 24.90 26.89 30.24 28.97 25.44 30.61 26.40 28.50 25.49 25.00 27.54 27.98 27.31 28.37 28.04 26.85 29.09 26.82 
22.98 24.40 24.72 21.36 25.32 22.09 24.78 23.68 21.03 24.74 26.47 23.21 25.38 21.34 23.57 24.79 23.53 23.16 25.05 24.78 22.71 26.85 21.30 25.52 23.30 26.32 25.99 24.65 23.48 24.74 24.07 23.06 25.34 23.25 21.30 24.50 21.79 24.06 24.13 25.98 19.79 22.57 23.44 23.37 23.57 22.18 23.35 21.35 23.53 25.64 23.52 20.34 26.25 23.42 24.59 25.74 20.21 24.73 23.17 21.98 23.13 24.00 21.22 23.00 22.86 25.57 24.29 24.86 21.23 26.93 25.25 26.84 20.64 23.68 23.10 23.18 20.60 25.07 24.35 24.90 22.99 25.77 24.70 22.94 24.48 25.35 23.08 24.68 23.45 25.38 22.07 24.38 23.38 24.70 26.88 25.76 24.15 22.43 25.35 23.76 
26.68 25.71 25.63 24.43 25.00 24.07 26.91 24.37 22.39 26.53 26.10 25.77 26.28 24.47 24.41 24.70 24.11 26.92 25.66 27.60 24.53 28.15 22.80 29.61 23.37 29.37 27.82 27.13 25.75 23.77 27.51 26.21 27.14 26.37 24.35 26.80 26.42 26.68 24.81 25.48 21.28 25.13 24.28 25.79 25.25 24.48 24.48 23.57 24.79 24.83 25.03 23.14 28.97 26.20 25.57 26.83 22.14 25.97 24.01 23.55 22.83 24.84 23.86 25.67 23.80 28.63 26.46 28.75 23.22 27.64 26.53 28.44 24.52 27.22 23.76 26.48 24.11 25.98 25.22 25.65 26.65 28.93 25.05 22.48 27.23 27.91 24.78 27.69 25.48 27.66 24.13 25.32 27.41 24.81 27.90 25.72 27.07 26.40 26.83 24.21 
27.43 26.20 28.63 24.15 25.37 23.73 27.38 24.80 24.54 26.92 26.86 27.54 26.93 26.79 26.56 26.43 27.56 26.15 26.70 28.27 26.73 31.08 23.18 29.41 26.05 29.72 29.88 26.50 25.65 25.93 28.53 27.23 27.62 26.72 25.80 29.23 26.57 26.55 24.86 28.44 22.83 24.19 26.25 27.08 27.06 27.34 27.00 24.62 27.45 28.32 27.14 24.38 25.95 26.36 27.87 27.24 23.37 27.15 25.23 24.80 24.60 27.21 25.76 25.96 23.19 27.99 29.29 28.63 22.35 28.50 26.26 29.89 24.97 29.72 25.41 26.99 24.04 27.16 24.87 27.05 27.30 30.47 25.40 24.34 28.75 28.07 24.62 27.90 26.33 28.31 25.74 25.57 26.68 25.45 28.72 27.25 27.96 28.15 27.99 25.66 
28.53 27.08 29.86 25.90 26.52 24.66 27.23 26.40 25.48 27.06 27.61 28.26 29.33 25.75 25.42 25.91 26.27 28.53 25.38 29.89 25.15 30.87 24.76 30.86 26.09 30.91 31.15 28.09 27.89 26.39 27.57 26.62 27.30 27.37 26.93 28.18 26.34 26.81 26.14 29.21 25.46 24.26 26.59 26.51 26.86 27.64 26.20 25.17 27.66 28.17 26.97 25.25 28.59 25.96 26.93 26.86 24.25 27.97 26.90 25.10 25.06 26.68 26.29 25.55 25.30 27.15 28.80 28.09 22.22 26.96 28.20 29.95 25.31 28.39 25.10 27.02 24.35 27.55 25.35 27.82 27.11 30.55 26.48 27.39 29.03 27.79 24.87 29.28 26.63 29.80 24.74 27.28 27.55 27.56 28.26 28.25 29.75 26.75 27.28 26.18 
27.68 25.47 26.01 23.94 23.52 21.97 26.33 21.52 23.56 26.60 25.22 24.94 26.50 23.63 23.66 24.79 25.99 26.39 24.98 25.72 22.96 28.01 22.79 27.32 23.94 29.52 27.69 25.57 25.56 24.35 27.78 25.88 25.69 25.33 23.60 26.42 25.08 25.34 24.48 25.85 21.09 24.05 23.93 24.28 25.48 22.97 24.25 23.09 26.08 26.39 23.72 24.17 27.73 26.47 24.21 25.87 22.43 24.98 24.35 23.22 23.18 24.27 25.65 26.96 25.64 27.37 25.51 27.62 21.99 27.56 25.43 27.12 22.52 26.40 22.84 25.45 24.48 28.66 24.06 24.58 25.05 27.96 24.23 24.77 28.08 27.49 24.34 29.39 25.63 26.74 22.59 25.66 26.83 25.53 27.77 25.04 25.78 24.60 24.82 25.02 
26.83 25.56 26.55 21.92 24.29 22.82 25.75 23.83 24.37 26.03 26.48 24.40 26.75 23.27 24.68 25.78 25.50 26.31 25.68 26.97 24.92 28.29 23.58 27.13 23.79 27.89 27.96 25.36 25.75 26.01 27.18 25.69 26.36 24.63 22.71 26.67 24.50 24.11 25.23 25.89 22.48 22.75 24.32 24.76 25.89 22.65 25.33 23.61 27.12 27.54 25.43 21.50 26.34 26.92 26.71 26.44 21.14 27.49 24.73 22.69 23.56 25.19 25.02 24.89 23.63 27.22 27.07 25.82 22.65 27.83 24.10 27.41 23.42 26.07 24.10 26.57 24.48 27.04 24.08 24.97 24.89 27.03 23.63 23.44 26.32 26.69 23.83 28.40 25.37 27.40 23.11 25.72 25.22 24.60 27.31 25.17 25.36 25.97 25.26 24.46 
26.06 25.12 26.71 23.04 23.94 22.34 27.29 24.15 24.64 26.19 25.77 25.41 26.68 24.01 23.75 25.86 24.94 23.53 24.36 27.26 23.52 28.29 21.75 27.36 23.85 28.78 28.50 26.32 24.70 25.38 26.66 24.45 26.17 26.18 24.67 25.74 27.09 26.67 26.63 25.75 22.11 26.07 25.71 25.19 26.10 25.67 24.34 23.30 24.15 27.78 25.56 24.55 28.20 25.45 25.85 25.30 23.30 26.81 24.25 22.96 23.43 26.32 24.53 25.01 24.07 25.72 25.93 26.63 22.52 28.26 25.65 29.16 23.92 25.78 22.88 25.09 21.38 26.96 25.12 26.96 25.85 28.80 24.97 25.55 25.38 26.84 24.43 26.76 24.58 27.51 24.62 26.01 26.53 24.87 26.89 26.63 25.84 26.48 26.69 25.83 
