seed=42 mode=SEQ_B_TRANSPOSED n=10

2.62 2.60 2.81 3.51 2.70 2.56 3.25 1.92 1.79 3.69 
2.55 2.74 2.80 2.65 2.41 2.62 3.39 1.67 1.92 3.14 
2.39 3.27 2.90 4.03 2.42 3.39 3.29 2.08 2.21 3.93 
2.51 2.87 2.63 3.38 2.76 2.84 2.92 1.57 1.88 3.70 
1.95 2.48 2.32 3.41 2.08 2.72 2.63 1.56 1.59 3.32 
2.71 2.78 2.66 3.74 2.88 2.67 3.10 1.99 1.74 3.90 
2.50 2.77 2.48 3.50 2.48 2.82 3.07 1.87 1.64 3.89 
2.31 2.09 1.96 3.31 1.95 2.22 2.19 1.77 1.65 3.12 
2.80 3.09 3.15 3.48 2.96 2.51 3.21 1.74 1.77 4.26 
1.25 1.75 1.60 2.32 1.68 1.82 1.91 1.33 1.25 2.31 
