seed=42 mode=SEQ_A_TRANSPOSED n=10

3.76 3.38 3.97 2.99 2.60 2.97 2.27 2.49 2.76 2.70 
3.31 3.16 3.87 2.59 2.67 2.82 1.76 2.39 2.52 2.35 
2.63 2.63 3.06 2.87 1.76 2.11 2.00 1.57 2.55 2.38 
2.95 3.91 3.86 2.81 3.00 3.16 2.60 2.09 2.61 2.37 
2.34 2.28 2.64 2.36 2.05 2.76 1.83 2.20 2.54 1.93 
3.03 2.73 3.13 2.46 2.64 2.65 2.12 2.04 2.42 1.70 
2.79 2.52 2.79 2.53 1.65 2.42 1.83 2.00 2.40 2.33 
2.64 2.45 2.83 2.45 1.45 2.14 1.59 1.69 2.30 1.87 
2.75 3.10 3.40 2.30 2.32 2.70 1.79 2.25 2.30 2.51 
2.86 2.92 3.19 2.54 2.62 2.69 2.35 2.01 2.35 2.01 
