seed=42 mode=SEQ_NOT_TRANSPOSED n=10

2.79 3.34 3.11 4.12 2.98 3.24 3.58 2.09 1.96 4.45 
2.58 2.76 2.62 3.74 2.73 2.49 2.79 1.87 1.68 4.13 
1.85 2.74 2.05 3.59 2.32 3.07 2.73 1.72 1.56 3.56 
2.37 2.77 2.74 3.69 3.01 2.47 2.63 1.73 1.88 3.89 
2.50 2.24 1.71 3.09 1.85 2.53 2.53 1.89 1.55 3.20 
2.12 2.57 2.78 2.85 2.10 2.34 2.91 1.58 1.80 3.13 
2.79 2.47 1.96 3.19 2.50 2.94 3.21 1.94 1.67 3.17 
1.77 2.27 1.93 3.07 2.33 2.22 2.51 1.78 1.27 3.22 
2.92 2.69 2.29 3.34 2.95 2.56 2.89 1.78 1.61 3.92 
2.64 2.74 2.87 2.91 2.57 2.67 3.34 1.58 1.85 3.36 
